57
57
57
57
57
57
57
57
57
57
57
57
57
57
57
57
57
57
57
57
57
58
57
57
57
58
57
57
57
58
57
57
57
58
58
58
58
58
58
58
58
59
59
58
58
58
59
59
58
58
58
56
53
52
50
23
5
-4
-71
-212
-410
-633
-827
-1281
-1908
-2048
-2048
-2048
-2048
-2048
-2048
-2048
-2048
-2048
-2048
-2048
-2048
-2048
-2048
-2048
-2048
-2048
-2048
-2048
-2048
-2048
-2048
-2048
-2048
-2048
-1979
-1907
-1835
-1768
-1702
-1638
-1576
-1516
-1460
-1403
-1350
-1299
-1250
-1203
-1156
-1110
-1068
-1028
-985
-946
-909
-875
-840
-806
-774
-745
-713
-679
-651
-629
-603
-573
-541
-533
-516
-488
-460
-444
-428
-409
-378
-347
-353
-330
-283
-267
-270
-268
-247
-202
-218
-243
-211
-163
-166
-177
-168
-134
-109
-157
-163
-126
-98
-85
-72
-41
25
17
-46
-4
55
13
-50
-70
-35
1
-68
-89
-54
-28
-39
-56
-59
-35
-34
-66
-50
-17
-22
-36
-38
-19
9
-19
-36
-9
3
-17
-28
-28
-12
-7
-26
-21
2
4
-3
-4
8
38
20
-1
18
39
26
17
17
36
50
12
10
34
48
44
45
64
101
77
36
66
108
92
68
54
69
87
38
21
45
58
44
38
45
72
58
17
22
41
38
28
23
32
40
17
8
16
20
19
18
20
26
25
17
19
23
23
23
23
26
32
26
26
28
33
33
32
33
35
36
35
36
37
38
39
39
40
41
41
41
42
43
44
43
44
45
48
45
45
48
49
49
49
50
51
50
50
50
51
51
52
52
52
53
52
53
53
53
53
53
53
54
54
54
54
54
55
54
54
55
55
54
55
55
55
55
55
55
56
56
55
55
56
56
56
56
56
56
56
56
57
56
56
56
56
57
57
57
57
57
57
58
57
57
57
58
57
57
57
57
57
57
57
57
58
58
58
58
57
58
57
57
58
57
57
58
58
58
58
58
57
57
58
57
58
58
57
58
58
58
58
57
58
58
58
58
58
58
57
57
58
58
57
57
57
57
57
57
58
58
58
58
57
58
57
58
58
57
58
57
58
57
58
57
57
58
58
58
58
58
58
58
58
57
57
58
58
57
58
58
57
57
58
57
58
58
58
57
57
57
57
57
58
58
58
58
58
58
58
57
58
58
58
58
57
57
57
57
58
58
58
57
58
58
58
58
58
58
58
57
57
57
57
57
57
57
57
58
57
57
57
58
57
57
57
58
58
57
58
58
58
58
57
58
57
57
57
57
58
57
57
58
57
58
58
58
57
57
57
57
57
58
57
57
57
57
57
57
57
57
57
57
58
58
58
57
57
57
57
57
58
58
57
57
57
57
57
57
58
57
57
57
57
57
57
57
57
57
57
58
57
57
57
58
57
57
57
57
57
57
58
57
57
58
58
57
57
58
57
57
58
57
57
57
57
57
57
57
57
57
57
57
57
57
57
57
57
57
57
57
57
57
57
57
57
57
57
57
57
57
57
57
57
57
57
57
57
57
57
57
57
57
57
57
57
57
57
57
57
57
57
57
57
56
56
56
57
57
57
57
57
57
57
57
57
57
57
57
57
57
57
57
57
56
57
57
57
57
57
57
57
57
57
57
57
57
57
57
57
57
57
57
57
57
57
57
56
57
57
57
57
57
57
57
57
57
57
57
57
57
57
57
56
56
56
57
57
56
56
57
56
57
57
57
57
56
57
57
57
57
57
57
57
57
57
57
57
57
57
57
57
56
57
56
57
57
57
57
57
57
56
57
57
57
58
58
57
56
56
57
58
58
58
57
57
56
56
57
57
58
57
57
57
57
57
57
57
57
57
57
57
58
57
57
57
57
57
57
58
58
58
58
57
57
57
57
57
57
57
58
58
58
58
57
57
57
57
58
58
58
58
58
57
57
57
58
58
58
58
58
58
58
58
58
58
58
58
58
58
58
58
58
58
58
58
58
58
58
58
58
58
58
58
58
58
58
58
58
58
58
58
58
58
58
58
58
58
58
58
58
58
58
59
59
58
58
58
58
58
58
58
58
58
58
58
58
58
58
58
58
58
58
58
58
58
58
58
58
58
58
57
58
58
57
57
58
58
58
58
58
58
58
58
58
58
58
57
57
58
58
57
57
57
58
58
57
57
58
58
58
58
58
58
58
58
58
58
58
58
58
58
58
58
57
57
58
58
58
58
58
57
57
57
58
58
57
58
57
58
57
57
58
58
58
57
57
58
58
57
58
58
58
57
57
58
58
58
57
58
58
58
57
58
58
58
57
57
58
58
57
58
58
58
58
57
58
58
58
58
58
58
58
58
58
58
58
58
58
58
58
58
58
58
58
58
58
